406673@gmail.com
55012569
480857@gmail.com
60213162
346901@gmail.com
43047613
955908@gmail.com
17367069
192043@gmail.com
64875452
504978@gmail.com
80065010
42730743
219344@gmail.com
69040390
79239388
56087@gmail.com
13068241
48157239
909890@gmail.com
55045465
49738193
724293@gmail.com
58631595
28311988
626000@gmail.com
55490713
78572630
391239@gmail.com
12708570
28940848
263136@gmail.com
13749353
59894386
609966@gmail.com
51560857
46562284
175257@gmail.com
39614951
49074893
554194@gmail.com
68402380
23267217
613423@gmail.com
84472101
20995131
14690@gmail.com
59041942
43697503
759007@gmail.com
11078744
81341108
534946@gmail.com
32113501
37514651
481652@gmail.com
64623349
61290625
439502@gmail.com
87489170
77422771
816377@gmail.com
53189441
76908786
534246@gmail.com
45189404
72162383
99260@gmail.com
61267215
40679337
646131@gmail.com
52847081
61199976
413809@gmail.com
78190099
33377557
203601@gmail.com
70968500
13828716
205153@gmail.com
57610415
99356768
142152@gmail.com
80873830
25375978
341649@gmail.com
31912357
33853873
491199@gmail.com
12965764
13766276
679885@gmail.com
59335655
15134366
286630@gmail.com
59116167
19927226
394117@gmail.com
94996052
82090336
437938@gmail.com
92339645
17159200
592640@gmail.com
46605803
62160629
303942@gmail.com
10336917
56673265
640738@gmail.com
42746318
79893507
885590@gmail.com
75590318
37069180
542051@gmail.com
23633698
28794122
410461@gmail.com
54744404
18730577
585559@gmail.com
31585137
13263259
732287@gmail.com
96446881
47951552
687639@gmail.com
35790994
49127806
238075@gmail.com
54236637
23978635
877125@gmail.com
26617788
72443319
418520@gmail.com
13468071
29581813
792974@gmail.com
65670996
41511396
33297019
456002@gmail.com
38623731
32856378
26979811
543405@gmail.com
81835428
93706841
27155987
490903@gmail.com
10411613
68702896
109317@gmail.com
92375690
12588017
458648@gmail.com
89434979
52968421
49461675
404090438@gmail.com
75134428
99715594
81825181
858637313@gmail.com
34992147
40079843
24068810
156931069@gmail.com
94130159
88760081
77308704
630704570@gmail.com
12857203
75109508
97835995
604094053@gmail.com
49471900
43267657
60467599
516612827@gmail.com
26519840
29302918
16143445
546088695@gmail.com
77949101
55786048
83188522
504604791@gmail.com
48610985
40746591
39893737
48081679@gmail.com
77640889
69568627
37439229
791857760@gmail.com
71869106
73573692
88269619
566677586@gmail.com
25175158
95562456
31658046
796360187@gmail.com
32935371
87123715
28916330
977875389@gmail.com
14975039
86513135
48322100
403559836@gmail.com
83603404
34333769
84403631
213512958@gmail.com
60979928
47576373
49071496
947339488@gmail.com
32846908
52874758
30848758
381589628@gmail.com
18726707
66920049
71481412
786521169@gmail.com
59026851
89400290
28363090
998400756@gmail.com
41165938
41819394
50447089
208304638@gmail.com
58196174
43683290
81867956
660149053@gmail.com
73003381
94264616
41471558
834264665@gmail.com
16018414
92743282
25153073
142399925@gmail.com
97072466
63627897
20118281
60568305@gmail.com
32265099
59570724
12325100
591574652@gmail.com
40176553
20345500
54005624
983581894@gmail.com
37538903
62013431
81969874
984538665@gmail.com
24562788
61266353
37737768
184193567@gmail.com
91688375
84508648
96326948
302968464@gmail.com
46031903
48509650
92334449
850501420@gmail.com
94031671
70162779
85574997
809982713@gmail.com
94404482
88341143
69872598
589969425@gmail.com
71574671
19462836
57243982
83489553@gmail.com
24114968
46790404
45492569
357801719@gmail.com
40781477
69325098
15528512
277261056@gmail.com
49963028
80110274
86016506
561461623@gmail.com
81016718
12284009
39376760
241485035@gmail.com
93820780
95163877
64339052
140748609@gmail.com
52904956
31988268
11134794
553837220@gmail.com
79684685
99769962
36902240
849851614@gmail.com
72539296
58039146
12103141
260065001@gmail.com
63506924
66841310
87665705
703725851@gmail.com
81600499
38373144
76711601
604508800@gmail.com
75681951
12643270
26165463
491954007@gmail.com
29304093
42463423
85525238
49680291@gmail.com
89239662
73901751
58878357
545697837@gmail.com
56594759
94598291
73128479
488355407@gmail.com
23591063
56753763
88591770
575922886@gmail.com
43480345
69653436
91891181
556846227@gmail.com
17821972
23346778
53526466
670441784@gmail.com
22626967
28730988
35490977
817236558@gmail.com
70029515
15749938
83193045
831034294@gmail.com
86967346
99981381
99539026
42039957@gmail.com
38181499
36118480
65722987
640197712@gmail.com
22064996
79107330
37236636
696773252@gmail.com
83852623
93302786
36912816
275573050@gmail.com
21598080
92142163
78793339
91480538@gmail.com
55740296
47735058
96528181
187707784@gmail.com
71384778
55949506
63360534
122027472@gmail.com
88806423
56880695
45798346
438742699@gmail.com
625152542@gmail.com
94098445
88684465
35773188
166187354@gmail.com
28676814
31469719
66980959
401725285@gmail.com
48276705
14194153
53538871
159817394@gmail.com
68975628
51407251
10095783
595805976@gmail.com
52130960
86408826
24916346
752491304@gmail.com
89505049
56215839
19574385
986794858@gmail.com
52847794
10503393
40564627
493646731@gmail.com
38846382
93553871
97337594
237251356@gmail.com
42074980
95129595
56385752
692267909@gmail.com
81418223
63115540
49856328
526616114@gmail.com
38884267
12642761
13665402
479637698@gmail.com
31960370
74160794
65073362
717527995@gmail.com
49579571
21567146
76368067
586293881@gmail.com
82071529
17711648
83935302
435234560@gmail.com
48393707
39554841
94123491
706440553@gmail.com
93436947
64355339
48055500
267585622@gmail.com
43374685
29638929
71857384
450702493@gmail.com
61460915
55411358
37856727
467836606@gmail.com
61224928
88625092
59612122
8118536@gmail.com
55856879
39652964
27210396
760789531@gmail.com
89611277
76984035
22415408
168660070@gmail.com
68649149
21796038
14124735
269236425@gmail.com
92744560
54745626
74617694
751550866@gmail.com
88369550
87864785
32011551
101864695@gmail.com
58416903
81253625
53660609
731405338@gmail.com
41487606
18520888
10529503
856785987@gmail.com
90335532
10252825
36767741
919241912@gmail.com
68081741
16869123
86174376
693806656@gmail.com
55311111
18486673
91024804
270726519@gmail.com
30460711
87841438
91958203
349100758@gmail.com
25621718
85270101
23128851
936364197@gmail.com
74023614
50105447
78917250
770881673@gmail.com
11665244
97713013
12455620
965819390@gmail.com
62653273
32488989
72591756
152651665@gmail.com
66158184
51807085
57311258
345478960@gmail.com
68586856
33871707
21216008
507958506@gmail.com
65693913
33427904
42822958
123218021@gmail.com
55593337
88670357
57857385
707812043@gmail.com
56850327
63579416
41461766
505683018@gmail.com
90474178
28324963
95006762
298035214@gmail.com
40142420
72266839
12154124
139890034@gmail.com
53393130
84649863
95516301
612463663@gmail.com
43828405
68311135
80951752
623421273@gmail.com
99653827
26121445
74059508
963558024@gmail.com
99341758
31294557
43846160
51718647@gmail.com
71040835
67437594
10589662
54485929@gmail.com
34842072
27561479
78260213
360579967@gmail.com
44596106
33414871
84066403
308108932@gmail.com
41458665
48187708
17240555
663708464@gmail.com
75209602
86519825
68988193
77135871@gmail.com
60576252
51477713
67845456
715200267@gmail.com
67194478
76611786
51082186
72663080@gmail.com
98906723
17721109
17964274
186494617@gmail.com
45883451
21706629
17036513
697402455@gmail.com
51532564
90141641
39692573
660346323@gmail.com
83462993
82374653
82665744
242667875@gmail.com
39043202
46453258
76723878
578713184@gmail.com
62072525
55252109
58960711
138021314@gmail.com
30219155
92037533
25853133
86197398@gmail.com
80376339
98344493
64005761
498437576@gmail.com
50183304
66347257
97653165
44219001@gmail.com
79159301
44436278
59540137
728484254@gmail.com
87898383
35409275
62692608
170261998@gmail.com
81069703
24371169
59688967
327258282@gmail.com
68043773
12644178
36914371
390830464@gmail.com
51879841
68245687
83398024
464671922@gmail.com
80985393
54834721
92217183
216482721@gmail.com
95836093
93752326
35614595
225906110@gmail.com
18243296
47819095
28149283
229093292@gmail.com
96547964
52166881
42866683
231989044@gmail.com
67909965
55488335
59562319
40266328@gmail.com
34214797
83549351
92421438
635144688@gmail.com
22087649
82778373
18350025
545524610@gmail.com
21427754
29942036
96227085
323761076@gmail.com
98290131
26502128
55614828
714444572@gmail.com
84187809
52304122
69332252
190785811@gmail.com
95143350
71158512
31623367
365872977@gmail.com
64333980
90785564
69036842
805452343@gmail.com
81909568
54465298
13585180
479623292@gmail.com
89033609
25564721
30908181
141922763@gmail.com
31320556
96344515
22229673
965837496@gmail.com
94944474
94197259
99159514
230981126@gmail.com
33940958
29283171
87116164
801397942@gmail.com
73567254
60410521
46121807
335488336@gmail.com
55789543
63934752
15731915
620770309@gmail.com
93987539
58326694
21675712
76501520@gmail.com
30534030
53285192
40521921
828424338@gmail.com
15829354
61664459
76003450
733127923@gmail.com
84942945
34056137
23282557
674722505@gmail.com
83738534
50809447
90330031
475514876@gmail.com
97712080
91518498
44935089
133841574@gmail.com
52724687
88233216
60130487
680541043@gmail.com
12762854
59050205
99326553
946388570@gmail.com
10127561
10722266
82425129
992188328@gmail.com
99046550
23420968
42058108
699655823@gmail.com
15610102
15098047
75706442
361161121@gmail.com
61617624
61360644
29848190
